M3FD Dataset Split
==================
Source: data/m3fd_raw
Seed: 42
Train: 200 pairs
Test: 100 pairs

Train images:
  00000
  00011
  00025
  00033
  00042
  00061
  00071
  00097
  00107
  00202
  00215
  00242
  00255
  00284
  00290
  00306
  00320
  00325
  00334
  00339
  00349
  00353
  00370
  00385
  00386
  00388
  00389
  00405
  00421
  00434
  00443
  00453
  00461
  00497
  00512
  00572
  00587
  00633
  00643
  00652
  00653
  00676
  00687
  00697
  00716
  00719
  00725
  00726
  00769
  00800
  00801
  00805
  00818
  00825
  00826
  00834
  00857
  00878
  00896
  00916
  00922
  00926
  00965
  00976
  00994
  01017
  01034
  01043
  01079
  01122
  01147
  01165
  01212
  01223
  01227
  01242
  01249
  01270
  01299
  01301
  01320
  01331
  01345
  01388
  01393
  01406
  01422
  01432
  01437
  01443
  01462
  01471
  01482
  01486
  01494
  01505
  01527
  01531
  01547
  01562
  01584
  01587
  01599
  01608
  01640
  01659
  01707
  01724
  01729
  01741
  01773
  01789
  01811
  01828
  01861
  01867
  01911
  01919
  01929
  01937
  01947
  01954
  01963
  01985
  02011
  02033
  02045
  02073
  02083
  02090
  02102
  02119
  02120
  02142
  02163
  02180
  02195
  02213
  02249
  02296
  02317
  02322
  02352
  02369
  02394
  02405
  02440
  02450
  02455
  02473
  02478
  02486
  02495
  02530
  02544
  02556
  02606
  02611
  02624
  02641
  02651
  02658
  02667
  02720
  02731
  02739
  02754
  02757
  02762
  02778
  02786
  02816
  02846
  02860
  02869
  02896
  03019
  03100
  03109
  03143
  03173
  03219
  03260
  03354
  03375
  03381
  03438
  03462
  03473
  03575
  03589
  03600
  03640
  03719
  03836
  04018
  04026
  04053
  04092
  04160

Test images:
  00031
  00082
  00112
  00118
  00147
  00149
  00150
  00159
  00177
  00196
  00210
  00232
  00274
  00390
  00400
  00409
  00419
  00441
  00449
  00479
  00489
  00525
  00527
  00537
  00555
  00606
  00621
  00661
  00671
  00677
  00712
  00738
  00760
  00762
  00787
  00829
  00867
  00871
  00910
  00950
  00958
  01093
  01101
  01115
  01136
  01156
  01186
  01204
  01267
  01413
  01415
  01442
  01454
  01492
  01511
  01579
  01670
  01673
  01710
  01760
  01779
  01783
  01803
  01806
  01807
  01845
  01856
  01899
  01912
  01913
  01977
  01981
  01994
  01996
  02002
  02233
  02236
  02278
  02310
  02337
  02464
  02522
  02527
  02533
  02572
  02709
  02821
  02956
  03045
  03281
  03289
  03409
  03417
  03433
  03708
  03769
  03813
  03878
  03989
  04006
